# running a Genetic Program @ Wed Mar 26 21:54:02 2014
# initial depth: 3, iterations: 256, population size: 1024, tournament size: 3
# raw fitness - best (adjusted) fitness - average (adjusted) fitness - size of best - average size
0	39142	2.55474e-05	1.60048e-05	19	4
1	39142	2.55474e-05	2.13084e-05	19	2
2	39142	2.55474e-05	2.47445e-05	19	1
3	39142	2.55474e-05	2.49387e-05	19	1
4	39142	2.55474e-05	2.51201e-05	19	1
5	39142	2.55474e-05	2.48881e-05	19	1
6	39142	2.55474e-05	2.4513e-05	19	1
7	39142	2.55474e-05	2.40657e-05	19	2
8	39142	2.55474e-05	2.28062e-05	19	3
9	39142	2.55474e-05	2.18245e-05	19	4
10	39063.7	2.56081e-05	2.10496e-05	29	5
11	39060.7	2.56081e-05	2.0272e-05	23	6
12	39060.7	2.56081e-05	2.0032e-05	23	7
13	38837.3	2.57634e-05	2.01231e-05	47	8
14	38831.6	2.57685e-05	2.02244e-05	51	9
15	38831.6	2.57685e-05	2.00879e-05	51	10
16	38831.6	2.57685e-05	2.04022e-05	51	11
17	38831.6	2.57685e-05	1.98546e-05	51	13
18	38759.9	2.58169e-05	1.9672e-05	53	16
19	38740.4	2.58262e-05	2.00612e-05	42	18
20	38657	2.5887e-05	1.96182e-05	57	21
21	38650.9	2.5888e-05	2.00069e-05	48	25
22	38521.4	2.59748e-05	1.93905e-05	47	29
23	38521.4	2.59748e-05	2.00885e-05	47	34
24	38455.4	2.60448e-05	2.01731e-05	122	40
25	38455.4	2.60448e-05	1.98908e-05	122	45
26	38218.9	2.61805e-05	1.94983e-05	47	52
27	38218.9	2.61805e-05	1.97953e-05	47	56
28	38218.9	2.61805e-05	2.00784e-05	47	58
29	38218.9	2.61805e-05	1.99772e-05	47	61
30	38165.5	2.62171e-05	2.00344e-05	47	66
31	38165.5	2.62171e-05	2.01789e-05	47	66
32	37411	2.6787e-05	1.97721e-05	161	70
33	37411	2.6787e-05	1.97744e-05	161	71
34	37379.6	2.68089e-05	1.94972e-05	159	73
35	37185.7	2.69308e-05	1.94724e-05	109	80
36	37185.7	2.69308e-05	1.97237e-05	109	87
37	36231.7	2.77064e-05	1.94544e-05	280	103
38	36231.7	2.77064e-05	2.00547e-05	280	113
39	35137.5	2.85882e-05	2.03159e-05	318	124
40	35137.5	2.85882e-05	2.03678e-05	318	136
41	25013.3	4.02848e-05	2.06915e-05	382	154
42	25013.3	4.02848e-05	2.04413e-05	382	169
43	24814.1	4.0562e-05	2.09656e-05	323	185
44	24229.7	4.15279e-05	2.06105e-05	301	200
45	23813.3	4.2239e-05	2.10815e-05	279	217
46	23678.6	4.24158e-05	2.16024e-05	207	242
47	21721.6	4.63508e-05	2.01912e-05	296	260
48	21721.6	4.63508e-05	2.06604e-05	296	263
49	19636.4	5.14127e-05	2.0627e-05	374	282
50	19636.4	5.14127e-05	2.05281e-05	374	298
51	18813.8	5.36832e-05	2.1087e-05	374	307
52	18813.8	5.36832e-05	2.1914e-05	374	320
53	14626.4	6.97114e-05	2.08508e-05	565	340
54	13725.8	7.35493e-05	2.18623e-05	261	352
55	13725.8	7.35493e-05	2.21254e-05	261	365
56	13512.1	7.52754e-05	2.24812e-05	457	376
57	13463	7.64119e-05	2.36103e-05	754	399
58	11340.6	8.9317e-05	2.57097e-05	291	411
59	11340.6	8.9317e-05	2.81213e-05	291	451
60	11340.6	8.9317e-05	3.14348e-05	291	476
61	11192.9	9.07698e-05	3.58252e-05	354	490
62	11192.9	9.07698e-05	3.81984e-05	354	501
63	11192.9	9.07698e-05	4.17899e-05	354	513
64	11192.9	9.07698e-05	4.58436e-05	354	526
65	11185.1	9.08341e-05	4.73859e-05	354	521
66	11002.2	9.23599e-05	4.65556e-05	352	491
67	10332	9.85124e-05	4.73057e-05	364	476
68	10332	9.85124e-05	4.68204e-05	364	454
69	10332	9.85124e-05	4.79304e-05	364	449
70	9985.79	0.000101633	4.69591e-05	295	442
71	9985.79	0.000101633	4.67498e-05	295	438
72	7623.96	0.000141454	4.53076e-05	1111	442
73	7623.96	0.000141454	4.60339e-05	1111	454
74	6976.04	0.000159667	4.57029e-05	1428	459
75	6976.04	0.000159667	4.4786e-05	1428	469
76	6969.78	0.000146557	4.40103e-05	295	497
77	6897.62	0.000161691	4.46301e-05	1428	513
78	6040.79	0.000171606	4.67097e-05	429	515
79	6040.79	0.000171606	4.87589e-05	429	536
80	5668.57	0.000201793	4.95905e-05	1428	555
81	5634.06	0.000204308	5.09922e-05	1481	568
82	5634.06	0.000204308	5.38795e-05	1481	595
83	5527.05	0.000212402	5.30433e-05	1640	665
84	5406.3	0.000191578	5.51531e-05	375	708
85	5325.94	0.000194801	5.77323e-05	387	804
86	5005.85	0.000207519	6.07221e-05	376	906
87	5005.85	0.000207519	6.31667e-05	376	993
88	5005.85	0.000207519	6.27192e-05	376	1071
89	4826.57	0.000215537	6.88595e-05	376	1138
90	4826.57	0.000215537	6.79658e-05	376	1204
91	4826.57	0.000215537	7.28946e-05	376	1256
92	4732.01	0.000220021	7.56794e-05	376	1278
93	4732.01	0.000220021	7.57299e-05	376	1309
94	4659.77	0.000233521	7.58273e-05	757	1282
95	4656.88	0.000233678	7.28367e-05	757	1229
96	4239.79	0.000258646	7.43651e-05	749	1240
97	4235.79	0.000258646	7.66699e-05	741	1228
98	4219.68	0.000259796	7.18715e-05	743	1189
99	4131.49	0.000266135	7.3408e-05	750	1178
100	4038.22	0.000307908	7.41223e-05	1583	1151
101	4038.22	0.000307908	7.5133e-05	1583	1134
102	4038.22	0.000307908	7.33015e-05	1583	1113
103	4038.22	0.000307909	8.032e-05	1583	1108
104	4032.99	0.000307646	7.84758e-05	1567	1098
105	3867.71	0.000307909	7.99298e-05	1242	1117
106	3867.71	0.000307909	7.60014e-05	1242	1093
107	3761.31	0.000305128	7.19847e-05	970	1093
108	3734.22	0.000307908	7.53286e-05	975	1092
109	3656.31	0.000305128	7.62588e-05	760	1118
110	3648.99	0.000289856	8.23353e-05	400	1125
111	3387.31	0.000344553	8.17634e-05	972	1132
112	3387.31	0.000344553	7.85507e-05	972	1167
113	3208.92	0.000367117	8.44596e-05	972	1175
114	3088.42	0.000367117	8.64814e-05	731	1201
115	3088.42	0.000367117	9.03072e-05	731	1152
116	3080.82	0.000378455	9.36787e-05	879	1116
117	2994.89	0.000402838	9.74738e-05	1027	1097
118	2935.08	0.000396262	9.77685e-05	825	1111
119	2757.72	0.000416367	0.00010235	714	1100
120	2757.72	0.000416367	0.0001055	714	1100
121	2745.7	0.000416372	0.000108234	690	1073
122	2689.28	0.000435203	0.000110603	785	1039
123	2689.28	0.000435203	0.000111536	785	994
124	2587.11	0.000441771	0.000113007	649	949
125	2587.11	0.000441771	0.000113644	649	941
126	2566.11	0.000441771	0.000119247	607	961
127	2527.02	0.000449333	0.000124944	605	941
128	2511.19	0.000452552	0.000113287	605	942
129	2511.19	0.000452552	0.000107786	605	946
130	2511.19	0.000452552	0.000106962	605	962
131	2480.03	0.000435345	0.000118175	368	942
132	2480.03	0.000435345	0.000125281	368	952
133	2474.03	0.000435345	0.000133713	356	973
134	2466.54	0.000434775	0.000140334	335	957
135	2405.24	0.000448584	0.000127118	354	935
136	2397.35	0.000450278	0.00013166	355	941
137	2397.35	0.000450278	0.000128169	355	940
138	2397.35	0.000450278	0.000133759	355	931
139	2380.45	0.000453732	0.000127368	355	920
140	2380.45	0.000453732	0.000132204	355	905
141	2380.45	0.000453732	0.000138316	355	884
142	2352.1	0.000453083	0.000145677	292	873
143	2352.1	0.000453083	0.000145792	292	848
144	2352.1	0.000453083	0.00014414	292	849
145	2352.1	0.000453083	0.000140905	292	883
146	2346.67	0.000452147	0.000139208	272	871
147	2346.67	0.000452147	0.000135483	272	852
148	2313.34	0.000461395	0.000146538	294	834
149	2311.34	0.000461395	0.000133489	290	816
150	2310.95	0.000461691	0.000122594	292	780
151	2310.95	0.000461691	0.000128856	292	812
152	2302.45	0.000467083	0.000127997	325	812
153	2302.45	0.000467083	0.00013231	325	829
154	2247.84	0.000560588	0.000131604	930	834
155	2242.84	0.000560588	0.000122486	920	814
156	2242.84	0.000560588	0.0001196	920	812
157	2242.84	0.000560588	0.000120386	920	791
158	2178.12	0.000510823	0.000121696	443	771
159	2178.12	0.000510823	0.00012568	443	773
160	2178.12	0.000510823	0.000135865	443	757
161	2178.12	0.000510823	0.000129424	443	761
162	2171.14	0.000583723	0.000140488	918	743
163	2123.64	0.000601452	0.000152705	924	721
164	2096.57	0.000599314	0.000152646	858	709
165	2030.63	0.000601275	0.000154848	737	722
166	2030.63	0.000601275	0.000161549	737	738
167	1902.13	0.000601275	0.000149331	480	751
168	1902.13	0.000601275	0.000149726	480	765
169	1902.13	0.000601275	0.000154006	480	759
170	1883.87	0.000609247	0.00015878	487	756
171	1854.92	0.000640441	0.000162251	589	760
172	1852.92	0.000640441	0.000162245	585	755
173	1808.56	0.000607143	0.000169854	325	771
174	1808.13	0.000611761	0.000155645	349	763
175	1766.2	0.000622781	0.000166132	323	762
176	1766.2	0.000622781	0.000169294	323	767
177	1764.32	0.000623122	0.000178144	321	773
178	1742.04	0.000631497	0.000171991	319	768
179	1742.04	0.000631497	0.000167872	319	745
180	1721.04	0.000631497	0.00015997	277	735
181	1714.69	0.000631835	0.000161889	266	715
182	1714.69	0.000631835	0.000171371	266	684
183	1713.04	0.000632495	0.000172542	266	663
184	1713.04	0.000632495	0.000157089	266	645
185	1713.04	0.000632495	0.000155666	266	614
186	1713.04	0.000632495	0.000146445	266	612
187	1713.04	0.000632495	0.000139462	266	619
188	1713.04	0.000632495	0.00015319	266	640
189	1707.22	0.000632023	0.000152697	252	659
190	1707.22	0.000632023	0.000146669	252	661
191	1707.22	0.000632023	0.000139341	252	666
192	1707.05	0.000631893	0.000151573	251	655
193	1701.57	0.00063429	0.000143107	252	677
194	1701.57	0.00063429	0.000146438	252	681
195	1700.65	0.000634658	0.000151831	252	689
196	1700.65	0.000634658	0.000160568	252	676
197	1700.65	0.000634658	0.000158518	252	679
198	1700.65	0.000634658	0.000158438	252	679
199	1675.81	0.000640899	0.00014017	233	683
200	1675.81	0.000640899	0.000146861	233	682
201	1675.81	0.000640899	0.000159595	233	705
202	1675.81	0.000640899	0.000166329	233	706
203	1673.81	0.000640899	0.000165636	229	669
204	1673.81	0.000640899	0.000163611	229	675
205	1670.44	0.000642285	0.000159815	229	666
206	1670.44	0.000642285	0.000157292	229	685
207	1670.02	0.000642253	0.000176152	228	687
208	1662.32	0.000645444	0.000175213	228	688
209	1662.32	0.000645444	0.000174192	228	665
210	1662.32	0.000645444	0.000171547	228	678
211	1662.12	0.00064511	0.000161552	226	683
212	1662.12	0.00064511	0.000154357	226	691
213	1662.12	0.00064511	0.000150823	226	695
214	1660.13	0.000646984	0.000165507	231	680
215	1660.13	0.000646984	0.000168026	231	674
216	1660.13	0.000646984	0.000167775	231	707
217	1660.13	0.000646984	0.000176741	231	691
218	1659.72	0.000647157	0.000168003	231	668
219	1659.72	0.000647157	0.000155271	231	666
220	1659.72	0.000647157	0.000166928	231	663
221	1659.72	0.000647157	0.000169707	231	665
222	1657.4	0.00064813	0.000179428	231	669
223	1657.4	0.00064813	0.000178015	231	651
224	1657.4	0.00064813	0.000169997	231	652
225	1654.43	0.000649379	0.000172903	231	655
226	1654.43	0.000649379	0.000178883	231	660
227	1654.43	0.000649379	0.000175653	231	653
228	1654.43	0.000649379	0.00017464	231	642
229	1654.43	0.000649379	0.000168449	231	625
230	1654.16	0.000649492	0.000163691	231	611
231	1654.16	0.000649492	0.000158018	231	590
232	1654.16	0.000649492	0.000148935	231	571
233	1654.16	0.000649492	0.000143256	231	584
234	1654.16	0.000649492	0.000143118	231	625
235	1654.16	0.000649492	0.000155166	231	616
236	1633.43	0.000672526	0.000149126	295	617
237	1633.43	0.000672526	0.000159082	295	643
238	1633.43	0.000672526	0.000155128	295	657
239	1633.43	0.000672526	0.000163387	295	672
240	1633.43	0.000672526	0.0001661	295	668
241	1633.43	0.000672526	0.000171975	295	669
242	1633.31	0.00067258	0.000159487	295	668
243	1633.31	0.00067258	0.000172788	295	659
244	1633.31	0.00067258	0.000159986	295	649
245	1633.31	0.00067258	0.000160027	295	610
246	1633.31	0.00067258	0.000163458	295	608
247	1633.31	0.00067258	0.000162907	295	605
248	1632.33	0.000673024	0.000162318	295	602
249	1632.33	0.000673024	0.000163897	295	587
250	1632.33	0.000673024	0.000156527	295	570
251	1632.33	0.000673024	0.000168258	295	618
252	1632.33	0.000673024	0.00016194	295	612
253	1632.33	0.000673024	0.000157448	295	617
254	1632.33	0.000673024	0.00015981	295	603
255	1632.33	0.000673024	0.000147625	295	627
# Size 295, with 122 internals, and 173 leafs.
# Raw fitness: 1632.330520, and adjusted: 0.000673.
# Formula: (+ (% (- (- (% 0.133275 (% (% x x) (% (+ (* (% (% x x) x) (- 0.002571 (% 1.714949 2.506526))) (- (+ (% (+ 0.092526 (> 0.146136 14.589045 x x)) (> 16.589267 18.414811 (sin 3.220390) x)) (- x 0.419908)) (< 4.504388 x x x))) x))) (+ 3.138433 0.362265)) (% (< 4.227802 x (cos -1.007767) x) (< 0.892479 2.799576 x x))) (< 9.482558 x x x)) (+ (* 1.021905 0.458457) (< -9.752316 x x (+ (% (- (% (- 1.399347 0.211739) (> 4.227802 4.346937 x x)) (+ (* (- (% x x) x) (% (% x x) (% (- (< -0.106165 6.508792 x x) x) 0.092526))) (* (+ 0.105758 (+ (- 1.399347 0.021507) (< -1.065805 x x (+ (% (* (- x -12.233378) (- (+ (+ x x) (* (* (+ (cos 1.546973) (* (% 0.602448 0.459782) (< 21.999529 x x (+ (% (- (% x (> 4.227802 4.346937 x x)) x) (> -5.516776 x x x)) (* (+ 1.399347 0.588627) (< -5.326993 (cos 14.992009) x x)))))) (> 0.492178 x x x)) (> -16.377193 x x x))) (* (- (- x 0.417811) (- (- x x) (< 1.212511 17.034201 x x))) (> 9.482558 x x x)))) (< 4.227802 x (sin -1.007767) x)) (* (% 2.337941 0.459782) (< 5.669160 x x x)))))) (< 6.995810 x x (+ (% (+ (% 0.457461 (< -2.515910 10.737042 x x)) (* (- 1.399347 0.211739) (< 5.669160 x x (+ (% (- (- x (- x 0.417811)) x) (> 12.432813 x x x)) (- (% (+ x (+ x 0.798711)) (* x (+ x (+ 2.375953 1.494234)))) (% x x)))))) (> (* x (cos 1.398380)) x x x)) (* (- 0.459782 0.457461) (< 6.980404 x x x))))))) (> 4.504388 x x x)) (+ 0.187083 (< 5.669160 x x x))))))
# finished computation @ Wed Mar 26 22:02:02 2014
# elapsed time: 479.597s
